29689520	-3
29695829	-3
29698507	-3
29701232	-3
29704083	-3
29706899	-59
29709674	-59
29715764	7
29718458	7
29721291	7
29732781	-12
29735883	14
29738562	14
29741289	14
29747388	14
29750051	14
29752913	14
29755826	54
29758914	54
29761666	54
29764444	54
29767192	41
29769890	41
29772912	41
29787494	17
29790452	17
29793118	17
29795953	17
29798740	17
29801445	17
29804219	17
29807059	-26
29809792	-26
29812616	-26
29818596	7
29821298	7
29827744	0
29835607	0
29838426	0
29841136	0
29844104	0
29850243	0
29853081	0
29855872	-19
29858693	-19
29861364	-19
29864096	-19
29875457	0
29878262	0
29880984	0
29884115	0
29886921	40
29889526	40
29892242	40
29898468	40
29901202	40
29904014	40
29906704	36
29909483	36
29912300	36
29916524	9
29921297	9
29924039	9
29935297	9
29938037	9
29940872	9
29943799	9
29949932	9
29952798	9
29955591	20
29958297	20
29960903	20
29963631	20
29975130	-30
29977918	-30
29980705	-30
29983443	-30
29989755	0
29992458	0
29995079	0
29997706	0
30000534	0
30003330	0
30006058	-47
30008864	-47
30011722	-47
30014708	-47
30020637	0
30023276	0
30026779	20
30037439	53
30040273	53
30042931	53
30046964	53
30051776	53
30054406	53
30057257	-6
30060017	-6
30062792	-6
30065636	26
30077584	33
30080464	33
30083450	33
30086110	-13
30092177	-13
30094919	-13
30097731	-13
30100488	-13
30103314	-13
30108626	-22
30111366	-22
30114067	-22
30116958	-22
30122784	-22
30131307	-2
30139629	-9
30142424	-9
30145240	-9
30147991	-9
30154017	-9
30156708	-47
30159491	-47
30162398	-47
30165397	0
30169995	0
30179874	53
30182686	53
30185495	33
30188116	33
30194446	33
30197523	33
30200356	33
30203057	33
30205738	8
30208512	8
30216165	1
30224809	-11
30233795	-11
30236488	22
30239192	22
30241962	22
30244834	22
30247618	22
30253829	22
30256612	6
30264843	-14
30267617	-14
30278685	26
30281556	26
30284270	26
30295353	-27
30298116	-27
30300791	-27
30303487	-27
30306215	-9
30308951	-9
30319055	17
30333722	-9
30336740	17
30339412	17
30345458	17
30348172	17
30351064	17
30353738	17
30356434	-23
30359415	-23
30362109	-23
30364793	-16
30367559	-16
30373034	-16
30381993	3
30384784	-2
30387578	-2
30390484	-2
30396506	-2
30399161	-2
30401840	-2
30404748	-2
30407578	-2
30410255	-2
30413096	-2
30415876	17
30437565	0
30440372	0
30446445	0
30449244	0
30452658	0
30464951	8
30467711	8
30470409	8
30473196	8
30476070	-5
30498717	-10
30501616	-10
30504406	-10
30507363	-23
30510178	-23
30516310	10
30519297	10
30522379	10
30533800	10
30536551	-10
30539278	-10
30541949	-10
30548389	-10
30551350	-10
30553969	-10
30556906	-34
30559681	-34
30562375	-34
30565194	-7
30568056	-7
30570775	-7
30576747	-48
30588473	5
30591317	5
30594044	5
30596963	5
30599621	5
30602331	5
30605241	-3
30607986	-3
30610634	-3
30613643	-3
30619491	50
30622207	50
30633417	37
30636360	10
30642284	10
30648457	10
30651294	10
30653990	10
30656786	-12
30667503	-32
30675936	-19
30678677	-19
30681417	-19
30684123	-19
30686982	0
30689643	0
30692449	0
30698666	0
30701366	0
30706952	-1
30709639	-1
30712312	-1
30718062	-21
30720727	-21
30734963	8
30737765	8
30740465	8
30743179	8
30749188	8
30752277	8
30755066	-12
30757909	-12
30760519	-12
30763226	-12
30774977	17
30777725	17
30780449	17
30783180	17
30789527	-25
30792338	-25
30795043	-25
30797970	-25
30800770	-25
30803567	-25
30806249	-37
30821891	16
30825309	23
30836671	-3
30839485	-3
30842277	-3
30845496	-3
30851256	-3
30854087	-3
30856831	-30
30859618	-30
30865057	-17
30876516	23
30879244	23
30881935	23
30884631	23
30891065	-3
30893900	-3
30896793	-3
30899501	-3
30902334	-3
30915423	-6
30921316	-6
30932871	27
30935580	-12
30938445	-12
30944451	-12
30947272	-12
30949932	-12
30952738	-12
30955508	7
30958287	7
30961081	7
30963765	7
30966572	47
30974870	-12
30980731	-12
30983592	-12
30986553	20
30989681	20
30995451	20
31005555	-22
31008485	-22
31011306	-22
31014624	-22
31017528	-22
31032293	18
31034955	31
31037615	31
31043801	31
31046512	31
31049286	31
31052212	31
31055095	15
31057788	15
31060548	15
31063409	15
31079988	-4
31082792	-4
31085513	42
31088138	42
31094212	42
31097166	42
31100278	42
31103137	42
31106062	25
31108743	25
31116488	4
31119286	4
31133974	11
31136716	18
31139651	18
31146024	18
31148646	18
31151460	18
31154076	18
31156765	45
31169258	-22
31180628	-22
31183360	-22
31186051	38
31188695	38
31197353	38
31200152	38
31202964	38
31206195	13
31209046	13
31220173	6
31224401	6
31234157	20
31237037	40
31239992	40
31243046	40
31248935	40
31251694	40
31254393	40
31257017	-24
31262237	-24
31264921	-11
31267726	-11
31270512	-11
31273260	-11
31288218	8
31291157	8
31293982	8
31296778	8
31299423	8
31304892	4
31307916	4
31310558	4
31313360	4
31319417	-9
31333232	31
31336000	64
31338729	64
31341388	64
31345358	64
31350283	64
31353410	64
31356262	6
31359038	6
31361811	6
31364718	13
31375548	6
31378292	6
31381044	6
31383824	6
31389773	20
31392413	20
31398064	20
31400883	20
31403808	20
31406661	6
31409379	6
31420305	26
31423462	26
31434487	-14
31437358	12
31440166	12
31442879	12
31449229	12
31451997	12
31454782	24
31457574	24
31460359	24
31463078	24
31474518	-29
31477258	-2
31480123	-2
31482845	-2
31487427	17
31491893	17
31494747	17
31497391	17
31500091	17
31505428	-2
31508133	-2
31510789	-2
31513535	-2
31519527	-16
31524748	-42
31535934	10
31539010	10
31541795	10
31544538	10
31563273	1
31566006	-5
31577371	14
31580165	14
31582927	14
31586459	-18
31592789	-18
31595484	-18
31598150	-18
31601026	-18
31609059	-16
31611771	-16
31614422	-16
31617071	-2
31631373	-23
31634202	-23
31636986	17
31639846	17
31642571	17
31645374	17
31651078	17
31654317	17
31657017	24
31659621	24
31662309	24
31664994	37
31678565	37
31681273	37
31684068	37
31686818	-2
31692915	-2
31695681	-2
31698678	-2
31701460	-2
31704151	-2
31706954	39
31709646	39
31714757	19
31717406	19
31732000	26
31734701	26
31737518	26
31743582	26
31746642	26
31749292	26
31751920	26
31754713	26
31764945	30
31768431	30
31779921	3
31782649	3
31785364	23
31788254	23
31794505	23
31797216	23
31799872	23
31802725	23
31807996	19
31810656	19
31813400	19
31816386	12
31819428	12
31833566	-7
31836452	5
31839359	5
31845529	5
31848203	5
31850868	5
31853565	5
31856484	-41
31859289	-41
31862251	-41
31880779	5
31883638	5
31886537	-21
31889370	-21
31895450	-21
31902869	-21
31905533	14
31908662	14
31911368	14
31913983	14
31935927	-5
31938571	-5
31941509	-5
31947499	-5
31950181	-5
31955740	-1
31959045	-1
31961771	-1
31964765	-14
31967459	-14
31981300	-7
31984096	-7
31986826	12
31989460	12
31995696	12
31998382	12
32001424	12
32004035	12
32006914	9
32009811	9
32018411	9
32021236	9
32032612	16
32035388	43
32038200	43
32041076	43
32047255	43
32050033	43
32052885	43
32055525	9
32060630	9
32063404	9
32066089	3
32068799	3
32071856	3
32083349	-3
32086137	-3
32088809	-3
32091477	-3
32097664	-3
32100417	-3
32110399	-21
32113116	-21
32116046	-8
32118744	-8
32121457	-8
32136068	22
32138989	22
32141879	22
32148118	22
32151414	22
32161651	7
32173388	14
32176160	-6
32178845	-6
32181648	-6
32188054	0
32190697	0
32193498	0
32196359	0
32199058	0
32201938	0
32204716	11
32207675	11
32210561	11
32213433	11
32219207	31
32224178	31
32235892	28
32238516	28
32241206	28
32244171	28
32249944	28
32252666	28
32255711	18
32258374	18
32261266	18
32263918	18
32274981	-5
32277891	-5
32280596	-5
32283259	-5
32289411	11
32297089	11
32299861	11
32302645	11
32305468	7
32308126	7
32321122	14
32324058	14
32335595	57
32338781	57
32341643	57
32344490	57
32350774	57
32353540	57
32356414	2
32359139	2
32361928	2
32364708	2
32375931	-10
32378720	-10
32381405	-10
32384162	-10
32390386	2
32393413	2
32396095	2
32398796	2
32406521	-17
32409162	-17
32411929	-17
32414522	-17
32420691	9
32425927	29
32437150	16
32440123	16
32442834	16
32445533	16
32451647	16
32454375	16
32457110	-26
32459895	-26
32462958	-26
32465758	0
32476773	6
32479635	6
32482352	6
32485148	20
32491383	20
32499068	20
32501794	20
32504441	20
32507293	9
32510081	9
32532856	15
32535495	29
32538205	29
32544354	29
32547092	29
32549767	29
32552657	29
32555512	-11
32558340	-11
32561070	-11
32563845	-11
32566503	29
32569474	29
32581052	63
32583833	63
32586512	9
32592205	9
32595445	9
32598123	9
32601098	9
32603885	9
32606860	6
32609547	6
32612265	6
32615041	40
32617740	40
32632218	-6
32634918	33
32637709	33
32641782	33
32646624	33
32665977	20
32668704	20
32680160	6
32682828	6
32685429	6
32688059	6
32694397	6
32697065	6
32699919	6
32702739	6
32705486	37
32708494	37
32711282	37
32714132	37
32717120	4
32719742	4
32733971	24
32736747	24
32739679	24
32745961	24
32748611	24
32751326	24
32753927	24
32756790	20
32759548	20
32762418	20
32765381	13
32770697	13
32781698	53
32784361	53
32787299	26
32790044	26
32801032	26
32803867	26
32806615	22
32809403	22
32812282	22
32834297	29
32837108	15
32839820	15
32845703	15
32848444	15
32851270	15
32853952	15
32857077	-54
32859803	-54
32862540	-54
32870205	12
32881420	26
32884044	26
32886945	6
32889732	6
32892629	6
32899334	6
32902372	6
32905193	0
32907974	0
32913479	0
32916374	6
32919195	6
32921902	6
32936554	29
32939273	29
32941867	29
32948120	29
32950872	29
32953728	29
32956450	21
32959146	21
32962000	21
32964756	15
32967459	15
32987455	31
32990115	31
32993001	31
32996035	31
32998826	31
33001544	31
33004172	31
33006948	19
33009718	19
33012472	19
33034788	-27
33037419	-27
33040262	-27
33043692	-27
33049390	-27
33052161	-27
33054989	17
33057697	17
33060391	17
33063735	17
33075030	17
33077816	17
33080500	17
33083250	17
33089443	44
33092605	44
33095501	44
33098262	44
33101130	44
33103835	44
33111758	-7
33116451	5
33120512	5
33123210	5
33134372	5
33137327	32
33139958	32
33142792	32
33148807	32
33151508	32
33154200	32
33157363	-3
33160128	-3
33162903	-3
33173032	44
33177225	44
33180008	44
33182852	44
33187487	-10
33191571	-10
33194380	-10
33204626	-10
33207397	-12
33210289	-12
33213152	-12
33217585	21
33230699	-5
33233410	-5
33236139	28
33238787	28
33241756	28
33250368	28
33253007	28
33255910	41
33258617	41
33261522	41
33275535	31
33278296	31
33281473	31
33284238	31
33290650	35
33293576	35
33296646	35
33299378	35
33302251	35
33304948	-28
33307644	-28
33312704	-28
33315398	-14
33321704	-14
33324519	-14
33333866	12
33338729	59
33341845	59
33344441	59
33347486	59
33353276	59
33356015	-3
33358854	-3
33361737	-3
33364472	-3
33370395	16
33394400	37
33397112	37
33399777	37
33402458	37
33405213	-7
33432009	18
33434934	-7
33437691	-7
33443857	-7
33446635	-7
33449305	-7
33451953	-7
33454934	50
33457925	50
33460698	50
33466462	57
33477962	43
33481107	43
33483919	43
33486687	3
33492846	3
33495566	3
33498224	3
33500986	3
33503886	3
33506592	3
33509102	3
33511770	3
33514465	3
33517394	-16
33532175	16
33534911	30
33537654	30
33543674	30
33546556	30
33549296	30
33552090	30
33554982	9
33557629	9
33560356	9
33563165	9
33565919	-24
33579964	9
33582644	9
33585474	56
33588186	56
33594329	56
33601980	56
33604853	-10
33607656	-10
33610378	-10
33613250	-10
33632700	9
33635427	16
33638265	16
33644781	16
33647456	16
33650244	16
33652960	16
33656180	-71
33658957	-71
33661827	-71
33664851	-10
33667861	-10
33671309	-10
33681768	29
33684547	29
33687455	29
33690160	29
33696284	29
33698973	29
33701828	29
33704721	22
33709889	22
33712842	22
33715621	2
33718271	2
33721276	2
33735903	26
33738620	26
33744946	26
33747733	26
33750396	26
33757995	9
33760747	9
33763461	9
33766333	2
33769085	2
33783148	-10
33785872	29
33788649	29
33792008	29
33797659	29
33802991	29
33805943	2
33808746	2
33811375	2
33814079	2
33821831	2
33836476	25
33839190	25
33841865	25
33848580	25
33851569	25
33854346	25
33857118	-19
33859873	-19
33862620	-19
33865462	-6
33868241	-6
33870885	-6
33882071	27
33884805	0
33887498	0
33890309	0
33896707	0
33899451	0
33902312	0
33905025	4
33907656	4
33910251	4
33915047	11
33918708	11
33921654	11
33935495	31
33938331	31
33941059	31
33947423	31
33950161	31
33958082	4
33960780	4
33963403	4
33966096	-2
33968938	-2
33985299	4
33988212	4
33990978	4
33993985	4
33999651	4
34002343	4
34004979	22
34007607	22
34010342	22
34013427	22
34035909	19
34038670	19
34041468	19
34044198	19
34050386	19
34053074	19
34055940	8
34058714	8
34061402	8
34064015	8
34075466	-1
34078250	-1
34081101	-1
34083990	-1
34090090	29
34095275	29
34098161	29
34100800	29
34103642	29
34106595	-11
34135402	32
34138261	32
34140971	32
34143722	32
34149955	32
34158063	0
34160683	0
34163374	0
34169460	-20
34177795	33
34180656	33
34183448	33
34189063	46
34192248	46
34194989	46
34200305	46
34203260	46
34205939	-34
34208727	-34
34211604	-34
34220575	12
34223438	12
34227950	-7
34241026	-7
34243996	-7
34246684	-7
34249461	-7
34252256	-7
34254942	24
34257548	24
34260297	24
34265701	-16
34277253	-16
34279977	-16
34282668	-16
34285400	-2
34291769	-2
34294649	-2
34297296	-2
34299957	-2
34302912	-2
34315456	-25
34318160	-25
34321138	-25
34335546	1
34338337	1
34341036	1
34347093	1
34349727	1
34352427	1
34355244	3
34358017	3
34361088	3
34363737	3
34366447	-2
34369241	-2
34376663	10
34383554	10
34386367	-2
34389153	-2
34392710	-2
34398123	-2
34400797	-2
34403486	-2
34406960	-1
34409692	-1
34412469	-1
34429127	5
34437518	-14
34440240	-14
34446196	-14
34448987	-14
34452060	-14
34454874	25
34457598	25
34460261	25
34463051	25
34465807	39
34468470	39
34471185	39
34482789	25
34485438	-7
34496611	-7
34499434	-7
34502158	-7
34504919	1
34507779	1
34518680	21
34521578	21
34533120	21
34535938	35
34538663	35
34541405	35
34547671	35
34550365	35
34553142	35
34556056	-10
34558687	-10
34561318	-10
34563959	-10
34567176	37
34569915	37
34584129	30
34590263	30
34592883	30
34595496	30
34598675	30
34601599	30
34604389	30
34607265	-3
34609931	-3
34612924	-3
34618930	16
34621628	16
34626151	16
34635546	-23
34638427	-23
34641233	-23
34643956	-23
34649997	-23
34652811	-23
34655472	-5
34658140	-5
34679457	34
34682263	34
34685260	21
34691075	21
34693883	21
34701403	21
34704267	21
34707110	32
34709913	32
34712748	32
34720874	18
34723550	18
34734959	15
34741211	15
34743921	15
34746788	15
34749493	15
34752337	15
34755100	-5
34757772	-5
34760439	-5
34763093	-5
34767184	21
34777653	0
34780307	0
34782939	0
34786265	27
34792430	27
34795299	27
34798375	27
34801037	27
34803850	27
34806480	-10
34809273	-10
34811870	-10
34814457	-10
34820438	-16
34837392	23
34843272	23
34846083	23
34848711	23
34851559	23
34877302	27
34879939	27
34882670	27
34885441	7
34891773	7
34894487	7
34897297	7
34900034	7
34902787	7
34905437	32
34908194	32
34913257	32
34916175	32
34918897	32
34927604	18
34936283	72
34939041	72
34942436	72
34947827	72
34950473	72
34953406	72
34956193	14
34959239	14
34961977	14
34964792	54
34968101	54
34970798	54
34982273	7
34985360	20
34988065	20
34990783	20
34996905	20
34999564	20
35002311	20
35005215	25
35007934	25
35010868	25
35016723	-1
35021965	-1
35033550	-22
35036304	52
35038990	52
35041643	52
35047756	52
35050506	52
35053537	52
35056415	54
35059212	54
35061873	54
35071774	13
35083496	20
35089578	40
35092249	40
35094976	40
35097856	40
35100780	40
35103489	40
35106217	2
35108999	2
35111780	2
35114486	2
35120449	83
35123417	83
35134531	16
35137370	16
35140095	16
35142968	16
35149286	16
35152078	16
35154933	13
35157659	13
35160831	13
35163783	13
35166638	27
35169665	27
35185888	33
35188591	33
35191435	33
35194063	33
35200140	33
35202788	33
35205478	-15
35208130	-15
35211065	-15
35213842	-15
35228160	4
35230979	4
35233685	4
35236759	31
35239701	31
35242518	31
35251012	31
35253649	31
35256428	2
35259234	2
35262031	2
35278258	25
35280852	25
35283955	25
35289721	2
35292837	2
35298195	2
35301003	2
35303845	2
35306729	35
35309576	35
35320384	15
35323248	15
35326009	-4
35337507	-4
35340249	-4
35342940	-4
35345676	-4
35352597	-4
35355529	2
35358457	2
35377198	42
35379927	42
35382719	42
35385416	2
35391641	2
35394462	2
35397131	2
35400117	2
35402816	2
35405512	20
35408398	20
35435111	33
35437815	33
35440609	33
35446923	33
35449596	33
35452237	33
35454919	24
35457847	24
35460563	24
35463262	24
35466062	4
35469150	4
35474495	4
35483025	-9
35485835	17
35488678	17
35491605	17
35497945	17
35500611	17
35503288	17
35505934	-18
35508493	-18
35511167	-18
35514175	-18
35517334	-32
35520017	-32
35534476	1
35537376	35
35540817	35
35547141	35
35549912	35
35552771	35
35555481	-9
35558227	-9
35561381	-9
35564164	-9
35566958	24
35571758	24
35583177	24
35586052	44
35588859	44
35591783	44
35600039	44
35602732	44
35605481	17
35608806	17
35611634	17
35633490	24
35636160	10
35638810	10
35641547	10
35647736	10
35655750	-7
35658529	-7
35661332	-7
35663950	-7
35666634	0
35677055	-27
35685962	46
35688591	46
35691291	46
35694431	46
35700783	46
35703635	46
35706499	12
35709226	12
35711919	12
35717967	33
35720685	33
35725434	12
35735926	26
35738661	26
35741306	26
35744055	26
35750479	26
35753279	26
35756006	3
35758716	3
35761377	3
35764040	3
35766951	-16
35770243	-16
35772891	-16
35789138	-10
35792234	-10
35795443	-10
35801386	-10
35804108	-10
35811810	-48
35814775	-48
35820795	-7
35823453	-7
35834889	39
35837731	39
35840731	39
35843487	39
35849552	39
35852225	39
35854967	-18
35857689	-18
35860434	-18
35863523	-18
35868747	14
35877596	-11
35880294	-11
35883089	-11
35888159	35
35892207	35
35895034	35
35897713	35
35900450	35
35903290	35
35906029	-25
35908742	-25
35936095	21
35938785	21
35941515	21
35944323	21
35950361	21
35953420	21
35956416	27
35959177	27
35961848	27
35964721	27
35978880	21
35981640	21
35984369	21
35989188	27
35993314	27
35998500	27
36001310	27
36003959	27
36006602	0
36009235	0
36033749	27
36036482	21
36039140	21
36045330	21
36048181	21
36050861	21
36053791	21
36056543	7
36059218	7
36061914	7
36064791	7
36067395	7
36070446	7
36081630	7
36084365	7
36087180	0
36089920	0
36096283	0
36099098	0
36101754	0
36104984	-10
36107918	-10
36110656	-10
36117190	-3
36120062	-3
36122756	-3
36133936	16
36136727	50
36139482	50
36142411	50
36148494	50
36155936	-8
36158689	-8
36161736	-8
36164869	5
36167613	5
36184116	18
36187376	18
36190040	18
36192794	18
36198693	18
36201455	18
36204225	18
36207060	-28
36209929	-28
36212707	-28
36218593	38
36221337	38
36223994	38
36235621	5
36238311	5
36241130	5
36243863	5
36249904	5
36252584	5
36255505	11
36258210	11
36260729	11
36263412	11
36274829	8
36277757	8
36280442	8
36283229	8
36289243	5
36291886	5
36294762	5
36298144	5
36301307	5
36303976	5
36306846	29
36309697	29
36312350	29
36315004	70
36337190	-10
36339971	-10
36342838	-10
36345923	-10
36351608	-10
36366130	38
36377440	31
36380178	31
36382903	31
36385578	45
36391724	45
36394862	45
36397590	45
36400383	45
36403276	45
36406085	-17
36408707	-17
36411343	-17
36413970	-17
36420161	16
36422773	16
36437106	22
36443194	22
36445918	22
36448698	22
36451405	22
36454160	22
36456963	-9
36459662	-9
36462503	-9
36465425	18
36476704	31
36479463	31
36482140	31
36485553	4
36491881	4
36494809	4
36497509	4
36500360	4
36503273	4
36506027	18
36509084	18
36533648	24
36536482	31
36539178	31
36545301	31
36548147	31
36553470	31
36556738	11
36559585	11
36562427	11
36565029	4
36581409	-2
36584115	-2
36587060	11
36589723	11
36595855	11
36598548	11
36601251	11
36604112	11
36606881	18
36609709	18
36618350	31
36621252	31
36632645	-2
36635479	31
36638201	31
36640890	31
36647087	31
36650171	31
36652928	31
36655566	0
36660799	0
36663474	0
36666135	0
36669262	0
36672558	0
36684116	-6
36687057	0
36689685	0
36692416	0
36698582	0
36711365	26
36717355	26
36720197	26
36722889	26
36734003	6
36736914	6
36739800	6
36742715	6
36749003	6
36751739	6
36754505	6
36757183	40
36759892	40
36762857	40
36765849	-20
36773684	-20
36785117	23
36787957	23
36790661	23
36793324	23
36799599	23
36802264	23
36805044	15
36807902	15
36810817	15
36819003	8
36821811	8
36824695	8
36836038	35
36838772	35
36841631	35
36844369	35
36850264	35
36853064	35
36856117	1
36858832	1
36862042	1
36865102	1
36876623	76
36879894	76
36882658	76
36887496	8
36890163	8
36892786	8
36896068	8
36902220	8
36905010	37
36912704	37
36915617	24
36921291	24
36924144	24
36935546	37
36938248	37
36940903	37
36943718	37
36946463	37
36952751	37
36955539	-41
36958378	-41
36961095	-41
36963977	-41
36967231	6
36978255	6
36981001	6
36983758	6
36986899	19
36992782	19
36996090	19
36998787	19
37001571	19
37004287	19
37007054	6
37009800	6
37017114	0
37020218	0
37034665	39
37037476	26
37040296	26
37046579	26
37049341	26
37052117	26
37055484	48
37058338	48
37061139	48
37069195	21
37075526	-11
37083369	-11
37086172	41
37089200	41
37102271	41
37105060	10
37107829	10
37111179	10
37117020	64
37122202	64
37133487	50
37136331	30
37138992	30
37141841	30
37148164	30
37151070	30
37153703	30
37156659	37
37159443	37
37171605	17
37183472	50
37186298	30
37188979	30
37191784	30
37197804	30
37200611	30
37203785	30
37206559	19
37209378	19
37212075	19
37217788	32
37220622	32
37223434	32
37235095	-4
37237815	-4
37240504	-4
37243840	-4
37250610	-4
37253457	-4
37256099	21
37266131	-19
37268799	-19
37271743	-19
37275064	1
37285891	1
37288679	1
37291357	1
37294360	1
37300254	1
37302931	1
37308124	-37
37310995	-37
37313652	-37
37319776	43
37322505	43
37325281	30
37336541	23
37339266	23
37342289	23
37344945	23
37350890	23
37353677	23
37356438	32
37359202	32
37362069	32
37365099	12
37376491	12
37379260	12
37381903	12
37384671	12
37391252	25
37393992	25
37396798	25
37399599	25
37402403	25
37405067	37
37415366	23
37421147	23
37423933	23
37436618	6
37439516	6
37444655	6
37448869	6
37453570	6
37456438	7
37459308	7
37472493	0
37478500	41
37481652	41
37484415	41
37487260	61
37493357	61
37496023	61
37498770	61
37501684	61
37504730	38
37507452	38
37510162	38
37512998	38
37515782	18
37518585	18
37530579	25
37536119	5
37538715	5
37541806	5
37547525	5
37550612	5
37553266	5
37555976	36
37558830	36
37561647	36
37564485	36
37580460	16
37583278	16
37585956	23
37588661	23
37591427	23
37597972	23
37600668	23
37603437	23
37606276	18
37608879	18
37611569	18
37623507	31
37634547	-15
37637447	18
37640236	18
37643210	18
37649405	18
37652197	18
37654959	14
37657826	14
37660500	14
37666106	27
37668925	27
37671744	27
37683114	27
37685914	-6
37689309	-6
37692128	-6
37698210	-6
37701028	-6
37703696	-6
37706508	31
37709412	31
37712582	31
37718448	11
37721214	11
37724096	11
37735397	42
37738169	42
37741065	42
37743939	42
37750015	42
37752752	42
37755562	18
37758339	18
37761181	18
37764000	18
37780278	18
37783426	18
37786209	38
37788884	38
37791742	38
37807871	-6
37811222	-6
37814070	-6
37819974	47
37822632	47
37841804	74
37844465	74
37851117	74
37853796	74
37856531	-22
37864459	-22
37876363	11
37879045	11
37881835	11
37884497	11
37890658	-9
37893443	-9
37896505	-9
37899232	-9
37901928	-9
37904512	-9
37907435	-9
37910122	-9
37912753	-9
37915609	-15
37921587	-15
37926448	78
37941086	38
37944132	38
37946936	38
37949601	38
37952236	38
37954980	18
37957802	18
37960502	18
37963362	18
37968299	-9
37977917	38
37980635	38
37983304	38
37986165	51
37992842	51
37997853	51
38000534	51
38003773	51
38006625	29
38009387	29
38019868	-11
38034460	29
38037430	42
38040236	42
38046300	42
38048951	42
38051759	42
38054713	-11
38057718	-11
38060741	-11
38063547	-11
38066311	42
38068996	42
38073550	42
38083487	9
38086267	35
38088942	35
38094402	35
38098152	35
38100759	35
38103451	35
38106487	13
38109188	13
38111915	13
38117932	33
38120588	33
38134948	20
38137631	20
38140398	20
38143634	20
38149390	20
38152361	20
38155188	13
38157971	13
38160715	13
38163460	13
38187490	23
38190622	23
38193259	23
38196717	23
38199467	23
38202376	23
38205198	11
38208042	11
38210863	11
38213587	11
38222464	24
38231589	18
38236278	31
38239059	31
38241935	31
38245116	31
38250753	31
38253393	31
38256119	38
38258773	38
38263890	38
38275804	11
38278438	11
38281124	11
38283935	11
38290586	4
38293403	4
38296083	4
38298715	4
38301393	4
38306512	17
38309118	17
38312022	17
38314910	11
38320568	11
38337375	44
38340088	44
38342972	44
38346017	44
38351922	44
38361740	33
38364505	33
38376001	3
38378792	3
38381625	3
38384868	80
38391089	80
38393962	80
38396686	80
38399402	80
38402239	80
38414848	31
38417484	31
38420196	31
38435105	17
38437762	17
38440891	17
38446821	17
38449633	17
38452760	17
38455429	-18
38458134	-18
38461063	-18
38463793	-18
38466523	-5
38469336	-5
38481201	22
38483930	22
38486649	-5
38489366	-5
38495637	-5
38498769	-5
38501677	-5
38504415	-5
38507009	-36
38509633	-36
38512427	-36
38534540	24
38537353	3
38540162	3
38546705	3
38549481	3
38552314	3
38554974	-16
38557672	-16
38560486	-16
38563320	-16
38582594	37
38585422	-2
38588225	-2
38591327	-2
38597367	-2
38607102	-11
38609763	-11
38614401	-11
38618778	42
38621760	42
38632954	35
38635700	8
38638736	8
38641393	8
38647620	8
38650289	8
38652911	8
38655505	12
38658319	12
38661369	12
38668648	32
38671414	32
38676793	-14
38689346	19
38692045	19
38694722	19
38697513	19
38700326	19
38702969	19
38705996	-23
38708753	-23
38711252	-23
38714296	-23
38720036	30
38722826	30
38734413	51
38739748	-16
38742625	-16
38748785	-16
38751777	-16
38754728	46
38762956	46
38765856	32
38768712	32
38771401	32
38774175	32
38788966	29
38791632	29
38794506	29
38797331	29
38800359	29
38803031	29
38805784	-7
38808581	-7
38811286	-7
38813956	-7
38819698	53
38825217	66
38836644	39
38839402	39
38842207	39
38845440	39
38851489	39
38854164	39
38857022	-32
38859765	-32
38862401	-32
38865038	7
38876939	21
38879609	21
38882303	21
38885056	48
38891213	48
38893886	48
38896793	48
38899618	48
38902474	48
38905220	19
38920731	5
38923377	5
38926132	-7
38941080	39
38943791	39
38946607	39
38949322	39
38952487	39
38955372	23
38958346	23
38963970	23
38967144	16
38977978	-3
38980589	-3
38983636	-3
38986666	23
38992716	23
38995639	23
38998373	23
39001134	23
39004012	23
39006759	23
39009408	23
39012278	23
39015063	50
39020780	50
39039490	50
39042188	50
39044938	50
39051228	50
39054046	50
39056889	32
39059615	32
39062382	32
39065066	12
39068113	12
39078987	32
39081710	32
39084674	32
39087395	25
39093583	25
39103635	25
39106500	-25
39109238	-25
39111871	-25
39114528	-25
39134100	34
39136842	68
39140215	68
39146535	68
39149470	68
39152200	68
39154966	32
39157715	32
39160430	32
39163271	32
39168542	12
39180122	12
39182951	12
39185765	32
39188487	32
39194811	32
39197448	32
39200207	32
39202993	32
39205706	7
39208370	7
39213537	7
39216564	27
39219283	27
39233471	-19
39236400	7
39239292	7
39245374	7
39248264	7
39250906	7
39253741	7
39256535	18
39259400	18
39262359	18
39264975	25
39267580	25
39270248	25
39284104	38
39286872	-15
39289658	-15
39295750	-15
39298571	-15
39306701	-6
39309552	-6
39312717	-6
39318266	-12
39321066	-12
39337932	34
39340602	34
39344350	34
39349448	34
39352335	34
39357511	9
39360262	9
39362968	9
39365688	-3
39368504	-3
39388592	63
39391398	63
39394213	63
39396963	63
39399969	63
39402707	63
39405625	-12
39408334	-12
39411011	-12
39413937	-12
39422413	40
39433962	27
39436828	-19
39439486	-19
39442281	-19
39448518	-19
39451340	-19
39454099	-19
39456815	-6
39459514	-6
39472415	0
39477519	0
39486343	20
39488980	20
39491927	20
39495113	20
39501088	20
39503709	20
39506403	-35
39509221	-35
39518439	45
39521381	45
39524069	45
39536572	18
39542245	18
39544929	18
39547621	18
39550425	18
39553276	18
39555975	11
39558751	11
39561730	11
39564438	11
39575755	-2
39578437	-2
39581253	-2
39584349	-2
39590572	-2
39593270	-2
39595944	-2
39598704	-2
39604148	-2
39607229	-12
39609963	-12
39612636	-12
39615450	13
39623836	13
39628453	13
39638267	33
39641029	33
39643741	33
39662410	9
39665039	-11
39676616	-11
39679470	-11
39682207	-11
39684990	29
39691208	29
39693958	29
39696707	29
39699776	29
39702306	29
39705536	-22
39708283	-22
39711301	-22
39714186	-22
39716948	24
39733427	38
39736065	18
39738792	18
39741840	18
39748045	18
39750732	18
39753428	18
39756116	-9
39758940	-9
39761740	-9
39764407	-9
39767024	38
39770096	38
39781564	4
39784406	4
39787170	24
39789785	24
39796384	24
39799153	24
39801796	24
39804472	24
39810099	-2
39816261	24
39818965	24
39821721	24
39832604	-2
39837947	4
39840703	4
39843787	4
39849637	4
39852388	4
39859886	0
39862808	0
39865510	40
39868368	40
39871160	40
39885463	6
41657273	-3
41659993	-3
41663390	-3
41674956	10
41677730	10
41680540	10
41683253	10
41686378	13
41692473	13
41695234	13
41698042	13
41700823	13
41703607	13
41706268	15
41708870	15
41711973	15
41714718	-38
41720816	-38
41723434	-38
41726137	22
41737546	15
41740207	15
41743026	15
41745886	15
41752043	15
41754962	-13
41758087	-13
41760752	-13
41763422	-13
41766273	-6
41777488	-27
41780455	-27
41783315	-27
41785998	-20
41792250	-20
41794977	-20
41797676	-20
41800429	-20
41803167	-20
41806110	-11
41808830	-11
41811463	-11
41814161	-11
41820229	-11
41822900	-11
41825617	22
41836943	-11
41839636	-11
41842375	-11
41845266	-11
41851818	-11
41854725	9
41857941	9
41860902	9
41863655	9
41866662	2
41878563	36
41881263	36
41884084	36
41886841	9
41893009	9
41896247	9
41899055	9
41901789	9
41904465	9
41907350	-11
41910106	-11
41913002	-11
41915881	1
41918785	1
41932134	8
41936040	29
41938854	29
41945481	29
41948291	29
41951080	29
41953974	29
41956752	-7
41959589	-7
41962446	-7
41965844	-7
41970969	-7
41982153	26
41984878	33
41987846	33
41991221	33
41997132	33
41999941	33
42002748	33
42005434	-7
42008363	-7
42011187	-7
42021796	-54
42033332	-7
42036606	26
42039379	26
42042121	26
42048278	26
42051138	26
42054386	26
42057800	1
42061211	1
42067065	1
42069965	1
42072799	1
42084506	1
42087414	22
42090312	22
42093814	22
42099472	22
42102386	22
42105660	8
42118896	1
42121774	1
42132218	-38
42136524	15
42139395	15
42142226	15
42148441	15
42151657	15
42154542	15
42157524	-5
42160290	-5
42163129	-5
42174851	11
42177718	11
42180444	11
42183213	11
42186165	55
42188911	55
42191817	55
42195037	55
42201154	55
42203911	55
42206720	3
42209376	3
42212038	3
42215214	3
42223841	3
42235265	0
42237934	0
42240587	0
42243637	0
42249796	0
42253183	0
42256107	-11
42258941	-11
42261882	-11
42276583	-8
42279275	-8
42282060	-8
42284987	-5
42287742	-5
42293102	-5
42298129	-5
42301902	-5
42304677	-5
42307422	1
42310280	1
42315874	-25
42321602	-25
42324325	-25
42335708	-11
42338781	-11
42341722	-11
42344528	-11
42350491	-11
42353402	-11
42356093	-45
42359072	-45
42361859	-45
42364683	-45
42367393	-45
42370103	-45
42372975	-45
42386715	21
42389488	21
42392235	21
42394949	21
42401146	21
42403985	21
42406972	1
42409827	1
42412586	1
42415422	28
42421326	28
42424054	28
42426879	8
42438428	42
42441332	42
42444657	42
42449441	42
42454055	42
42456875	-27
42459626	-27
42462317	-27
42478872	-7
42481618	-7
42484417	-7
42487220	26
42489888	26
42492589	26
42495480	26
42501990	26
42504807	-50
42507548	-50
42525373	-16
42536626	43
42539319	43
42542090	43
42545060	43
42551057	43
42553764	43
42556570	-23
42559278	-23
42562157	-23
42565017	-23
42576726	-3
42579375	-3
42582082	-3
42584838	-10
42587672	-10
42590413	-10
42593335	-10
42596238	-10
42602364	-10
42605032	-12
42610455	-12
42613470	-12
42616354	-19
42622371	-19
42625045	-5
42639654	-5
42642366	-5
42644983	-5
42651144	-5
42653938	-5
42666616	-7
42677751	-7
42680408	-7
42683437	-7
42686126	-7
42692285	-7
42694932	-7
42697749	-7
42700555	-7
42703341	-7
42706377	18
42711512	18
42714211	18
42717066	18
42723007	18
42725890	18
42735672	-7
42743485	-7
42746353	-7
42749040	-7
42752328	-7
42755246	-25
42758047	-25
42760767	-25
42763484	-25
42766217	-46
42769495	-46
42780641	7
42783473	7
42786258	0
42789278	0
42795040	0
42797914	0
42800634	0
42803403	0
42806014	-16
42808670	-16
42836276	37
42839131	37
42841895	37
42848415	37
42851280	37
42859089	-37
42861791	-37
42864480	-37
42867474	-23
42870288	-23
42884046	16
42886768	9
42889489	9
42892747	9
42898801	9
42901623	9
42904531	9
42907485	-3
42910202	-3
42912913	-3
42923421	2
42926470	-3
42940881	57
42943586	57
42946600	57
42952579	57
42955484	0
42958149	0
42961381	0
42964178	0
42967048	-12
42969893	-12
42972697	-12
42975512	-6
42987162	-12
42989799	-12
42992528	-12
42995390	-12
43001666	-12
43004485	-12
43007859	-33
43011261	-33
43013972	-33
43019329	-6
43022966	-6
43025809	34
43037293	-12
43040099	-12
43042835	-12
43045611	-12
43051663	-12
43059279	-15
43062227	-15
43064947	-35
43073656	-35
43079479	-8
43082197	-8
43084984	11
43091125	11
43094015	11
43096876	11
43099876	11
43102808	11
43105527	-12
43108293	-12
43111006	-12
43113659	-12
43124922	-6
43127754	-6
43142576	47
43145603	47
43148403	47
43151102	47
43153898	47
43156795	-1
43159513	-1
43162373	-1
43164974	18
43168040	18
43179250	51
43181961	51
43184812	11
43187713	11
43194385	11
43197325	11
43200154	11
43202894	11
43206129	-28
43217044	4
43223200	4
43225974	-2
43228879	-2
43243931	-2
43246609	-2
43249308	-2
43251948	-2
43254914	-38
43257591	-38
43267534	-18
43274455	-18
43281765	56
43284961	29
43287725	29
43298745	29
43301485	29
43304295	29
43307376	-11
43310207	-11
43320390	2
43323286	2
43337852	42
43340542	42
43343302	42
43349513	42
43352560	42
43355739	-13
43358399	-13
43361244	-13
43366548	-33
43369197	-33
43371892	-33
43376963	33
43386598	6
43389422	6
43392089	6
43399233	6
43402085	6
43404962	-15
43420650	4
43423631	4
43435110	7
43437860	7
43440536	7
43443452	7
43449580	7
43452397	7
43455080	-36
43457738	-36
43460570	-36
43463358	-36
43466674	-9
43477934	4
43481035	4
43483729	4
43486814	44
43492565	44
43495415	44
43498180	44
43500880	44
43503633	44
43506570	4
43509257	4
43511927	4
43514674	4
43522904	51
43525579	-15
43537323	-29
43540381	-29
43543232	-29
43546036	-29
43552084	-29
43554891	4
43557539	4
43560645	4
43563746	4
43566602	-9
43569273	-9
43572092	-9
43574976	38
43582893	38
43595538	24
43598298	24
43601168	24
43603977	24
43607240	31
43616988	17
43622862	17
43625516	11
43628923	11
43640256	4
43642961	4
43645664	4
43651823	4
43654991	20
43657680	20
43660463	20
43663336	20
43666064	-14
43677903	26
43680598	26
43683456	26
43686288	13
43692404	13
43695076	13
43697910	13
43701085	13
43703553	13
43706259	-7
43709069	-7
43711871	-7
43714525	-7
43717281	-14
43725940	12
43729057	12
43739914	-14
43742700	-14
43745821	-14
43748804	-14
43754986	-5
43757731	-5
43760530	-5
43763324	-5
43765977	15
43779908	8
43783447	8
43786392	1
43789275	1
43795986	1
43798647	1
43801461	1
43804165	1
43806900	40
43809722	40
43820240	40
43834523	26
43837293	66
43840338	66
43846524	66
43849375	66
43852182	66
43855001	10
43857749	10
43860481	10
43863694	10
43866480	30
43869169	30
43872428	30
43883600	-2
43886782	24
43897741	24
43900452	24
43903371	24
43906281	-34
43909195	-34
43914388	-34
43917189	-7
43920046	-7
43922751	-7
43937608	16
43940524	16
43943725	16
43949393	16
43952234	16
43955417	-41
43962915	-41
43965774	5
43969001	5
43971952	5
43984238	12
43987058	26
43989871	26
43992660	26
43999152	26
44002225	26
44007836	14
44010494	14
44013393	14
44016129	28
44018747	28
44040237	14
44042946	14
44049322	14
44052170	14
44054965	-14
44060176	-14
44062998	-14
44065803	-21
44069035	-21
44071860	-21
44085483	-4
44091725	-4
44094947	-4
44097675	-4
44100440	-4
44103285	-4
44106104	25
44108868	25
44111725	25
44114700	25
44123449	59
44128611	53
44137917	-1
44140743	-1
44143429	-1
44151929	-1
44154848	16
44157785	16
44160656	16
44164122	16
44175633	40
44178373	40
44181065	40
44183925	40
44190463	-3
44193290	-3
44195996	-3
44198717	-3
44201596	-3
44204287	-3
44207162	-16
44214656	-16
44220334	-3
44223311	-3
44226074	-3
44237588	30
44240261	30
44242884	30
44245557	30
44251679	30
44254920	50
44257786	50
44260474	50
44263283	50
44266126	9
44277768	16
44280489	16
44283441	16
44286142	23
44292360	23
44295077	23
44297779	23
44300975	23
44303632	23
44306511	-1
44309278	-1
44312102	-1
44328233	45
44339061	45
44341770	45
44344560	45
44347703	45
44353852	45
44357157	5
44360030	5
44362941	5
44365908	12
44377698	-1
44380520	-1
44383290	-1
44386150	38
44389655	38
44395537	38
44398362	38
44401194	38
44403945	38
44406656	29
44409491	29
44415025	57
44418679	57
44424016	57
44426717	29
44429795	29
44441602	9
44444307	9
44446929	9
44453026	9
44455791	20
44458520	20
44461381	20
44464511	20
44467344	0
44477822	47
44481372	47
44484064	47
44487427	68
44493361	68
44496133	68
44498963	68
44513978	7
44516846	61
44519523	61
44524861	61
44537241	54
44539970	54
44546094	54
44548833	54
44552214	54
44555081	20
44557928	20
44560808	20
44563497	20
44566343	20
44569065	20
44571994	20
44583565	20
44586378	20
44589074	20
44592378	20
44598107	20
44601237	20
44604267	20
44607028	18
44609839	18
44612659	18
44620306	25
44635414	11
44638156	11
44640854	11
44647344	11
44650114	11
44652910	11
44655818	-10
44658511	-10
44661278	-10
44664081	-10
44666915	29
44669881	29
44672959	29
44683957	-3
44686801	36
44692091	36
44698625	36
44701304	36
44704179	36
44706905	-6
44711908	-6
44714829	13
44718003	13
44720809	13
44728395	-6
44738250	0
44741295	0
44748004	0
44751025	0
44753848	0
44764691	-20
44767439	27
44770068	27
44772952	27
44784273	0
44787302	20
44790086	20
44792956	20
44799136	20
44801927	20
44804677	20
44807332	-33
44810345	-33
44813152	-33
44815979	13
44818900	13
44838764	54
44841442	54
44844285	54
44850382	54
44853366	54
44856580	15
44859306	15
44862167	15
44865006	1
44867717	1
44878779	-31
44887082	-11
44889761	-11
44892447	-11
44898591	-11
44901754	-11
44904454	-11
44907323	15
44910151	15
44912840	15
44915804	8
44920871	8
44923882	8
44939075	29
44941875	29
44944797	29
44951016	29
44953861	29
44956504	8
44959144	8
44961887	8
44964760	22
44976191	49
44979029	49
44981946	49
44984723	49
44990799	29
44993565	29
44996651	29
44999578	29
45002273	29
45004953	22
45007908	22
45010596	22
45013311	22
45019445	29
45022230	29
45024923	1
45036239	62
45038900	62
45041852	62
45044671	62
45053430	62
45056072	1
45058840	1
45061778	1
45064708	1
45075064	1
45086481	28
45089341	28
45092065	28
45094824	28
45101197	28
45104022	28
45106803	-54
45109771	-54
45112448	-54
45117992	-7
45133613	39
45136631	53
45139439	53
45145616	53
45148313	53
45150996	53
45153842	53
45156706	42
45159629	42
45171579	8
45182109	15
45184856	62
45187681	62
45193809	62
45196686	62
45199513	62
45202785	62
45205506	0
45208216	0
45210728	0
45213424	0
45216333	12
45219185	12
45227134	46
45245686	19
45248734	19
45251673	19
45254417	19
45257254	8
45265269	42
45267952	42
45270890	42
45282402	22
45285442	8
45288163	8
45291085	8
45297625	8
45300281	8
45303099	8
45305900	28
45308574	28
45311353	28
45314175	28
45317895	14
45337477	28
45340440	28
45347036	28
45349714	28
45352591	28
45355396	-23
45358223	-23
45361060	-23
45364105	-23
45367219	10
45372573	10
45384136	50
45387465	37
45390400	37
45395011	37
45399354	37
45402106	37
45404978	5
45407711	5
45411154	5
45421141	59
45424337	59
45438560	39
45441417	39
45447598	39
45450333	39
45453002	39
45455908	30
45458713	30
45461450	30
45464302	30
45467049	16
45469703	16
45472635	16
45484255	16
45486964	23
45489725	23
45492428	23
45498562	23
45501433	23
45504368	23
45517584	12
45520429	12
45523291	12
45538114	66
45541030	66
45543669	66
45550348	66
45553029	66
45555738	12
45558455	12
45561250	12
45563938	12
45566596	18
45569263	18
45572541	18
45586742	46
45589393	46
45592105	46
45595260	46
45601440	46
45608748	-41
45611413	-41
45614288	-41
45620340	52
45623172	52
45633650	46
45637450	32
45640424	32
45643436	32
45649560	32
45652379	32
45655033	-6
45657863	-6
45660700	-6
45663723	-6
45666719	14
45671919	14
45674785	54
45686071	27
45688807	27
45691749	27
45694433	27
45700645	27
45703306	27
45706683	52
45709638	52
45712635	52
45715318	12
45721191	12
45723992	12
45727642	72
45738543	45
45741305	45
45744115	45
45749357	45
45753005	45
45756059	2
45759036	2
45766900	-10
45777941	9
45780711	9
45783402	9
45786377	50
45795273	50
45797918	50
45800618	50
45803818	50
45806511	16
45816474	36
45822398	36
45825484	9
45836951	-3
45839586	-3
45842391	-3
45845191	-3
45848782	-3
45854807	34
45857622	34
45860368	34
45863187	34
45866010	13
45877872	13
45880813	13
45883593	13
45886476	47
45892455	47
45895488	47
45898160	47
45901654	47
45904483	47
45907429	31
45910300	31
45912954	31
45915785	25
45924364	25
45927072	18
45938243	59
45941155	59
45944205	59
45947114	59
45953182	59
45956131	38
45958932	38
45961643	38
45975069	25
45981012	25
45983797	25
45986644	18
45992972	18
45995738	18
45998539	18
46001270	18
46003946	18
46006750	-27
46009480	-27
46017376	7
46020064	7
46034656	-40
46037575	13
46040496	13
46046621	13
46049421	13
46052114	13
46054812	-20
46057747	-20
46060811	-20
46063620	-20
46066500	-6
46069418	-6
46074540	-6
46083745	13
46086398	0
46089210	0
46092720	0
46098847	0
46101722	0
46104974	-31
46107761	-31
46110402	-31
46113078	-31
46115924	15
46135437	29
46138091	29
46140864	29
46146996	29
46149748	29
46155172	45
46157878	45
46160598	45
46163478	45
46166229	38
46182428	31
46185226	78
46187935	78
46190638	78
46193627	78
46199918	78
46202650	78
46205452	11
46208323	11
46210986	11
46213852	11
46218877	51
46221830	51
46236374	72
46239000	72
46241917	72
46253004	72
46255775	8
46258653	8
46261382	8
46264084	8
46284100	56
46287033	15
46290125	15
46292814	15
46298936	15
46301689	15
46304370	15
46307173	33
46310003	33
46313167	33
46318981	47
46321748	47
46326434	20
46336154	6
46338929	6
46344996	6
46350403	6
46353255	6
46356064	17
46358963	17
46366717	-29
46369469	-29
46372195	-29
46378333	31
46386341	38
46399952	38
46402773	38
46405453	-14
46408311	-14
46411081	-14
46418805	-7
46421499	-7
46424338	-7
46438737	6
46441636	6
46444436	6
46451051	6
46453670	6
46456434	-9
46459299	-9
46462059	-9
46464751	-16
46468078	-16
46470912	-16
46474057	-16
46485788	41
46488588	41
46491427	41
46494147	41
46500412	41
46503148	41
46505996	3
46508753	3
46511600	3
46514460	3
46517153	-9
46538930	47
46541888	47
46544741	47
46550899	47
46553616	47
46556464	-14
46559187	-14
46561906	-14
46564910	-14
46576652	39
46579412	39
46582216	39
46585007	12
46591422	12
46594173	12
46597034	12
46600000	12
46602839	12
46605523	0
46608413	0
46611284	0
46622046	39
46624776	-7
46628294	-7
46639259	33
46642172	33
46644901	33
46647999	33
46653586	33
46656409	26
46659394	26
46662911	26
46665813	19
46677677	26
46680537	26
46683408	26
46686198	66
46692369	66
46695074	66
46697825	66
46700584	66
46710733	10
46713532	10
46716367	30
46719012	30
46721906	30
46724671	30
46741709	44
46744528	44
46747312	44
46753533	44
46756367	16
46759095	16
46761946	16
46764755	3
46767428	3
46778835	57
46781552	57
46784370	57
46787341	44
46793412	44
46796394	44
46799309	44
46802190	44
46804916	53
46807756	53
46810490	53
46813159	53
46818176	32
46824512	32
46827239	32
46838580	-7
46841301	-7
46844434	-7
46847085	-7
46853214	-7
46856542	10
46859545	10
46862342	10
46865321	64
46868345	64
46879372	3
46882210	3
46885018	44
46893853	44
46896514	44
46899181	44
46901912	44
46904622	44
46912523	50
46915471	23
46918177	23
46932672	43
46935520	30
46938387	30
46944768	30
46947546	30
46950260	30
46953193	30
46956026	0
46959103	0
46961798	0
46964721	21
46967392	21
46983855	48
46986635	34
46989363	34
46995438	34
46998053	34
47000665	34
47016110	14
47018840	14
47021611	14
47036127	7
47038804	7
47045242	7
47048585	7
47051789	7
47054782	-39
47057637	-39
47060380	-39
47063105	-39
47065989	-12
47068774	-12
47072061	-12
47085570	20
47088306	20
47091036	20
47097425	20
47100163	20
47107978	9
47110655	9
47113476	9
47116311	16
47119038	16
47136371	19
47139124	19
47141949	19
47148188	19
47150798	19
47153401	19
47156104	-19
47158914	-19
47161729	-19
47164698	-19
47169931	-12
47174157	-12
47184012	-12
47186806	7
47189519	7
47192990	7
47199095	7
47201891	7
47204780	-26
47207444	-26
47212607	-26
47215799	13
47218524	13
47221347	13
47230882	-12
47239786	40
47242664	40
47248776	40
47251399	40
47254088	40
47264922	25
47267808	25
47270481	25
47273203	25
47284530	-1
47287315	-1
47290181	-1
47292988	-1
47299173	-1
47301913	-1
47307169	7
47309914	7
47312738	7
47315533	40
47318338	40
47337693	3
47340428	3
47343208	3
47349407	3
47352444	3
47355296	2
47358124	2
47360793	2
47363479	2
47366309	22
47368924	22
47371586	22
47374974	-11
47386309	29
47389105	29
47391904	29
47394837	29
47400789	29
47403514	29
47406448	-6
47409183	-6
47411769	-6
47414438	-6
47417278	27
47420713	27
47423978	27
47443573	67
47449877	67
47452756	67
47455481	-29
47458162	-29
47465909	18
47468821	18
47471543	18
47474332	18
47485634	14
47488527	14
47491597	14
47494327	14
47500278	14
47503065	14
47508493	11
47511320	11
47514207	11
47517102	44
47519795	44
47539259	44
47541993	44
47544764	44
47550794	44
47553391	44
47556013	58
47558698	58
47561595	58
47564375	58
47569568	38
47578345	18
47581131	18
47584028	18
47587101	51
47592807	51
47595482	51
47598288	51
47601195	51
47603957	51
47607105	-22
47609838	-22
47637118	17
47639935	17
47642678	17
47645519	17
47651896	17
47654943	8
47657792	8
47660464	8
47663215	8
47666038	-11
47677884	-11
47680627	-11
47683411	-11
47686074	22
47692262	22
47695027	22
47697851	22
47701042	22
47703961	22
47706648	-32
47709389	-32
47727796	-5
47739180	1
47741829	1
47744723	1
47747742	1
47753935	1
47756680	-5
47759521	-5
47762372	-5
47765001	15
47779250	35
47782057	35
47784777	15
47787580	15
47794325	15
47797106	15
47799736	15
47802592	15
47805976	26
47808836	26
47819276	12
47830283	-27
47836703	19
47839386	19
47845513	19
47848305	19
47851054	19
47853964	19
47856749	-11
47859755	-11
47862868	-11
47865589	14
47868363	14
47871099	14
47882540	1
47885751	28
47888604	28
47891858	28
47897572	28
47900232	28
47902875	28
47905730	12
47908921	12
47911818	12
47914517	12
47917498	-27
47937368	19
47940070	19
47944820	19
47949014	19
47951929	19
47955324	-16
47958118	-16
47960777	-16
47963426	-16
47966035	64
47968608	64
47971311	64
47983312	17
47986157	30
47988888	30
47997441	30
48001203	30
48003951	30
48006966	-7
48009747	-7
48019753	19
48023252	19
48037459	19
48040419	19
48045352	19
48049989	19
48052756	19
48055540	3
48058409	3
48061103	3
48063904	3
48066697	37
48069906	37
48072751	37
48083997	23
48086887	37
48089505	37
48092591	37
48098624	37
48101313	37
48104224	37
48107026	-12
48109830	-12
48112638	-12
48115999	34
48118707	34
48138505	28
48141300	28
48147074	28
48150395	28
48153099	28
48155919	59
48158735	59
48161912	59
48164800	5
48167553	5
48175713	19
48186699	32
48189440	32
48192756	32
48199200	32
48201973	32
48204880	-10
48208031	-10
48210806	-10
48213587	-10
48219518	30
48222304	30
48229262	-3
48237276	30
48240028	30
48242775	30
48248328	30
48251572	30
48254834	27
48257784	27
48260415	27
48270438	34
48273300	34
48280822	21
48287608	0
48290483	0
48293164	0
48296533	0
48302617	0
48305394	7
48308085	7
48313406	7
48316128	14
48318973	14
48321812	14
48324799	48
48339126	14
48341934	14
48344734	14
48350886	14
48353584	14
48363999	66
48366710	18
48369598	18
48372349	18
48374988	11
48387180	66
48389925	66
48392881	66
48395772	66
48401974	66
48407208	2
48409854	2
48412579	2
48415750	29
48421602	29
48427125	-17
48438495	83
48441271	83
48443907	83
48446755	83
48452822	83
48455667	-12
48458364	-12
48461328	-12
48464064	-12
48480046	27
48482851	27
48485924	74
48492120	74
48494945	74
48502890	74
48505574	27
48508410	27
48511322	27
48514026	27
48522287	14
48524915	-19
48527548	-19
48542726	27
48545503	27
48563025	86
48565840	-1
48571643	-1
48581197	25
48583895	25
48586561	65
48592586	65
48595289	65
48598083	65
48601263	65
48604107	65
48606752	11
48609556	11
48612385	11
48615285	11
48617990	11
48634983	-15
48637930	-15
48641249	-15
48647092	-15
48649813	-15
48652572	-15
48655446	18
48658108	18
48660875	18
48663802	18
48668946	11
48680497	45
48683220	45
48685939	51
48688689	51
48691674	51
48698011	51
48700735	51
48703578	51
48706376	-22
48709184	-22
48711924	-22
48714807	4
48717930	4
48720726	4
48735203	7
48740532	7
48746796	7
48749445	7
48752293	7
48755044	13
48763622	13
48766582	-20
48769514	-20
48775419	40
48783641	40
48786744	0
48789451	0
48792277	0
48798405	0
48801131	0
48803925	0
48806770	-15
48809845	-15
48812518	-15
48815290	45
48818040	45
48835343	31
48838026	31
48840808	31
48846860	31
48849454	31
48852285	31
48855410	38
48858220	38
48860983	38
48863766	38
48866560	44
48869219	44
48871971	44
48883795	-2
48886586	65
48889465	65
48898215	65
48901580	65
48904259	65
48907157	67
48909816	67
48937034	30
48939841	30
48942533	30
48949337	30
48952157	30
48954916	47
48958288	47
48961102	47
48964081	47
48966987	20
48969914	20
48972846	20
48984326	20
48987179	74
48989877	74
48992827	74
48999154	74
49001953	74
49004746	-9
49007524	-9
49010357	-9
49013067	-9
49016190	17
49019050	17
49021778	17
49025059	-2
49038728	51
49041796	51
49045077	51
49050620	51
49053477	51
49056235	31
49059072	31
49061955	31
49064988	17
49067701	17
49070509	17
49082049	-2
49087632	51
49090261	51
49092894	51
49097541	51
49104199	51
49107114	0
49110304	0
49113081	0
49115856	33
49118633	33
49126435	20
49140727	33
49143462	33
49149688	33
49152890	33
49156446	10
49159219	10
49162192	10
49164917	44
49167646	44
49170468	44
49173166	44
49176186	30
49187363	71
49190136	71
49192831	71
49195785	71
49202343	71
49205215	-20
49207886	-20
49210680	-20
49223134	26
49227078	-20
49240816	46
49243470	46
49246257	46
49252695	46
49255451	30
49258280	30
49261154	30
49264057	30
49266763	-9
49278565	3
49281255	3
49283865	3
49286652	3
49296104	3
49298793	3
49301551	3
49304369	3
49307074	26
49317299	-7
49320427	-7
49334489	12
49337238	26
49340099	26
49343727	26
49346520	26
49349313	26
49355546	-11
49358249	-11
49361096	-11
49364476	-11
49367265	14
49369934	14
49381149	-18
49383933	-18
49387152	69
49390034	69
49396154	69
49398905	69
49404236	69
49406890	48
49409880	48
49412930	48
49415732	28
49435282	48
49438112	48
49441002	48
49447208	48
49449980	48
49452833	48
49455773	30
49458827	30
49461616	30
49464337	30
49483461	3
49486315	37
49489011	37
49491791	37
49497832	37
49500683	37
49503513	37
49506412	32
49509144	32
49511901	32
49536860	25
49539579	25
49542682	25
49548669	25
49551747	25
49554560	25
49557287	41
49559969	41
49562804	41
49565671	21
49568430	21
49571266	21
49582958	35
49585845	82
49588499	82
49591258	82
49597470	82
49600124	82
49602901	82
49605825	14
49608482	14
49611000	14
49613850	14
49616748	7
49619851	7
49622577	7
49636939	0
49639890	0
49642945	0
49649160	0
49651782	0
49654446	0
49662208	-53
49665558	34
49668270	34
49671102	34
49673976	34
49685446	21
49688649	21
49691435	21
49694161	21
49700366	21
49705862	-19
49708659	-19
49711882	-19
49714724	-12
49717395	-12
49737849	24
49740697	24
49743484	24
49749528	24
49752357	24
49755048	66
49758122	66
49760929	66
49763909	66
49766692	-15
49769398	-15
49772296	-15
49775077	-8
49786602	66
49789342	66
49791950	66
49794907	66
49801187	66
49804374	66
49807135	-10
49809878	-10
49812549	-10
49815376	50
49821311	50
49824146	50
49836016	-3
49838832	-3
49841567	-3
49844212	-3
49851004	-3
49853931	-3
49861697	11
49864364	11
49876034	38
49878856	38
49881604	38
49884372	38
49887318	25
49889965	25
49892876	25
49895958	25
49904728	-33
49907426	-33
49910079	-33
49912927	-33
49916457	47
49924888	61
49938077	34
49941927	34
49944768	34
49950867	34
49958932	63
49961740	63
49964987	63
49967699	63
49970534	63
49986916	9
49989969	9
49992750	9
49995555	9
50001722	9
50004483	9
50007209	-6
50010097	-6
50013370	-6
50016181	13
50027736	40
50038899	47
50041797	47
50044670	47
50047523	47
50053601	47
50056579	0
50059435	0
50062214	0
50064963	-20
50067879	-20
50079056	101
50082285	101
50085092	74
50087778	74
50090506	74
50093257	74
50095898	74
50102136	74
50105273	-36
50107931	-36
50113996	-36
50116940	31
50122838	31
50125549	65
50133408	65
50142305	92
50145159	92
50147830	92
50154386	92
50157051	18
50159780	18
50164801	-22
50167577	-22
50179130	31
50181961	31
50184859	-56
50187545	-56
50193531	-56
50196485	-56
50199193	-56
50202162	-56
50212322	-2
50214955	31
50217556	31
50223592	31
50226380	119
50240417	146
50243213	146
50245993	146
50248772	146
50254882	-36
50257697	-36
50260618	-36
50263478	-36
50266404	-56
50269664	-56
50280752	-15
50283476	-15
50286316	-22
50289387	-22
50295694	-22
50298420	-22
50301346	-22
50304563	-22
50307445	6
50310249	6
50313165	6
50318003	13
50320657	13
50335374	94
50338042	94
50340791	94
50346820	94
50349477	94
50352236	94
50354925	0
50357805	0
50360597	0
50365895	-13
50368694	-13
50371390	-13
50382803	-27
50385653	-27
50395471	-27
50399371	-27
50402185	-27
50405600	15
50408251	15
50416029	-18
50418647	-18
50421297	-18
50435044	69
50438558	69
50441272	69
50446557	69
50450407	69
50453206	69
50455978	53
50458713	53
50461583	53
50464320	53
50466948	94
50469590	94
50483383	-13
50486244	13
50488908	13
50492283	13
50498863	13
50501565	13
50504367	13
50507122	-14
50509869	-14
50512677	-14
50515508	-20
50523206	-20
50537537	9
50540269	9
50543316	9
50549454	9
50552421	9
50555206	53
50557935	53
50560622	53
50563393	53
50570994	46
50573837	46
50585090	70
50587985	70
50590734	70
50593401	70
50599574	70
50602272	70
50604936	-36
50607703	-36
50610490	-36
50616031	10
50618679	10
50621299	10
50623931	10
50638529	24
50641315	24
50644061	24
50650243	24
50652917	24
50655577	0
50658547	0
50661249	0
50664003	0
50666736	0
50669437	0
50672359	0
50689133	19
50691832	19
50694472	19
50700673	19
50703594	19
50711508	78
50714136	78
50719887	64
50722607	64
50725473	51
50740393	91
50743282	91
50745973	91
50748702	91
50751699	91
50777870	-16
50780614	-16
50783368	-16
50786054	17
50792208	17
50795097	17
50798111	17
50800794	17
50803482	17
50806363	33
50811465	33
50814085	33
50816948	19
50822954	19
50825747	5
50837147	26
50839809	26
50843073	26
50845948	26
50851937	26
50854684	26
50857497	64
50860347	64
50863008	64
50866873	37
50878579	64
50881294	64
50883933	64
50886532	44
50893086	44
50895951	44
50898669	44
50901406	44
50904157	44
50906950	-16
50909603	-16
50917471	-43
50923094	-43
50925948	-16
50931687	-16
50940593	-3
50945811	-3
50948442	-3
50954685	-3
50957417	-35
50960767	-35
50968364	-61
50979557	25
50982727	25
50985547	32
50988846	32
50994409	32
50997095	32
50999733	32
51002394	32
51005635	118
51010863	118
51013642	118
51016498	131
51019307	131
51034250	77
51037117	10
51039772	10
51045928	10
51048754	10
51051954	10
51054788	1
51057688	1
51061052	1
51063810	1
51066687	-46
51080857	7
51083601	7
51086515	41
51089283	41
51095401	41
51098470	41
51101143	41
51103927	41
51106804	-10
51109467	-10
51156263	84
51158996	84
51161810	84
51164454	84
51167750	145
51170603	145
51184226	91
51187100	57
51190052	57
51192985	57
51199032	57
51201743	57
51204590	57
51207403	-23
51210100	-23
51213457	-23
51221033	23
51229645	-57
51238927	3
51241720	3
51247812	3
51251122	3
51253896	3
51256784	-1
51259745	-1
51262446	-1
51265141	-48
51267787	-48
51270547	-48
51273841	-48
51285200	-41
51288054	-41
51290890	-41
51293770	-41
51299871	-41
51302642	-41
51305919	-46
51308715	-46
51311514	-46
51314150	-46
51316991	7
51319704	7
51339495	95
51342228	95
51348305	95
51351090	95
51354106	95
51356814	36
51359593	36
51362388	36
51365058	-3
51367924	-3
51384420	50
51387070	63
51389806	63
51392704	63
51397719	63
51407013	43
51409678	43
51412358	43
51415168	111
51421259	111
51434918	100
51437666	100
51440892	100
51443933	100
51450675	100
51453366	100
51456033	23
51458741	23
51461631	23
51464371	23
51485824	-3
51488735	-3
51491973	-3
51494746	-3
51500834	-3
51503568	-3
51506364	0
51509232	0
51511970	0
51515092	68
51517867	68
51539687	40
51542437	40
51545291	40
51551439	40
51554082	40
51556994	-33
51560192	-33
51562904	-33
51565546	-13
51576657	-53
51579400	-53
51582439	-53
51585381	-33
51591558	-33
51594198	-33
51597004	-33
51599740	-33
51602401	-33
51605364	7
51608510	7
51611288	7
51621872	61
51625278	74
51637336	94
51640240	94
51642927	94
51645558	94
51651763	94
51654701	94
51657527	24
51660144	24
51662910	24
51665801	-2
51677570	-2
51680395	-2
51683086	-2
51685782	45
51689919	45
51694650	45
51697531	45
51700233	45
51702889	45
51710365	106
51713219	106
51715905	133
51722379	133
51725017	140
51739192	133
51741973	133
51745253	133
51748056	133
51753931	133
51756536	58
51759167	58
51761909	58
51764814	38
51767511	38
51779144	79
51781821	79
51784467	79
51787128	31
51793573	31
51796431	31
51799209	31
51801873	31
51804686	31
51807464	0
51818709	53
51824404	53
51827260	53
51839273	81
51842164	81
51844940	81
51847520	81
51853561	81
51856419	54
51859045	54
51862518	54
51865402	47
51868313	47
51879514	54
51882357	54
51888086	-13
51894105	-13
51897017	-13
51899711	-13
51902404	-13
51910253	-9
51912867	-9
51915785	18
51918465	18
51924260	18
51929372	18
51940812	-15
51943420	-15
51946376	-15
51949045	-15
51955892	1
51958657	1
51961424	1
51964112	1
51967001	1
51969653	1
51981263	-4
51984135	-4
51987003	-31
51989802	-31
51995896	-31
51999124	-31
52001895	-31
52004641	-31
52007332	6
52010711	6
52016001	6
52018942	6
52029135	13
52036412	67
